$ 1 0.000005 5.459815003314424 9 5 43 5e-11
a 128 160 240 160 8 12 -12 1000000 0.6599934000659867 0.6599999999999874 100000
w 128 80 128 144 0
w 240 80 240 160 0
c 48 176 48 256 0 1.0000000000000001e-7 0.6599999999999874 0.001
g 48 256 48 288 0 0
r 48 176 -48 176 0 4700
O 736 192 832 192 0 0
r 240 160 352 160 0 200000
a 352 176 464 176 8 12 -12 1000000 -0.0000017298724387204751 0 100000
g 352 240 352 256 0 0
c 352 96 464 96 0 1e-9 -0.1729889737444862 0.001
w 352 96 352 160 0
w 464 96 464 176 0
r 464 96 464 0 0 2200
w 432 0 464 0 0
w 400 0 352 0 0
w 352 0 352 96 0
r 416 -48 288 -48 0 1000
r 288 -48 288 32 0 10000
g 288 32 288 64 0 0
c 288 -48 192 -48 0 2.7e-10 0.0000012047314526759992 0.001
R 192 -48 128 -48 0 2 1000 1.65 1.65 0 0.5
w 240 160 240 224 2
R -48 176 -48 96 0 0 40 0.66 0 0 0.5
a 464 448 576 448 8 12 -12 1000000 -2.484299958727121 -2.3521866378764864 100000
r 464 336 464 432 0 10000
g 656 528 656 560 0 0
r 576 448 656 448 0 15000
r 656 448 656 528 0 10000
O 656 448 752 448 0 0
x -257 39 72 42 4 12 charge_voltage\s\q\starget_voltage\s(3.3V)\s*\snote_freq\s/\smax_freq
r 384 464 272 464 0 470000
r 464 464 464 560 0 470000
g 464 560 464 592 0 0
174 240 432 272 496 1 100000 0.005 Pulse Width
g 240 432 208 432 0 0
R 240 576 192 576 0 0 40 12 0 0 0.5
r 640 128 736 128 0 200000
w 384 464 464 464 0
r 384 336 272 336 0 150000
w 384 336 384 464 0
R 272 336 208 336 0 3 100 5.1 0 0 0.5
w 544 176 464 176 0
r 240 496 240 576 0 47000
w 352 192 352 240 0
w 128 80 240 80 0
w 48 176 128 176 0
t 416 -48 416 0 1 -1 -0.1729856052720916 0.000003014949904416659 100 default
r 544 176 640 176 0 100000
a 640 192 736 192 8 12 -12 1000000 -0.7127751570004115 -0.7127999999999988 100000
w 640 128 640 176 0
w 736 128 736 192 0
w 464 336 736 336 0
w 736 336 736 192 0
174 608 240 656 208 1 100000 0.47030000000000005 Saw bias
R 608 240 576 240 0 0 40 -12 0 0 0.5
R 672 240 704 240 0 0 40 12 0 0 0.5
o 6 2 0 4362 8.615842155817955 0.0001 0 2 29 0
