$ 1 0.000005 10.20027730826997 50 5 43 5e-11
t 544 304 592 304 0 1 -11.563767675808416 0.5157358277322011 100 default
w 592 288 592 240 0
r 592 240 592 160 0 4700
t 768 304 720 304 0 1 -11.656060350499974 0.4974522705812242 100 default
w 720 288 720 272 0
r 720 272 720 160 0 4700
w 592 160 720 160 0
R 720 160 720 112 0 0 40 12 0 0 0.5
a 928 256 1056 256 8 15 -15 1000000 11.149157588940376 11.149173867202236 100000
r 928 176 1056 176 0 220000
w 928 176 928 240 0
w 1056 176 1056 256 0
r 928 272 928 352 0 220000
g 928 352 928 368 0 0
r 768 304 768 384 0 470
g 768 384 768 400 0 0
w 592 320 592 384 0
w 720 320 720 384 0
w 592 384 720 384 0
t 672 592 720 592 0 1 -10.976079392730949 0.5263624837174667 100 default
w 720 576 720 384 0
w 720 608 720 624 0
R 720 624 720 720 0 0 40 -12 0 0 0.5
t 624 608 672 608 0 1 0 0.5263624837174667 100 default
w 720 624 672 624 0
w 672 576 624 576 0
w 624 608 624 576 0
t 608 640 608 608 1 -1 11.473637516282533 -0.5268746660752175 100 default
g 608 640 608 656 0 0
w 672 576 672 592 0
r 592 608 480 608 0 22000
w 592 608 592 496 0
r 592 496 480 496 0 22000
174 448 576 480 640 1 100000 0.44060000000000005 Bias
R 448 576 448 544 0 0 40 12 0 0 0.5
R 448 640 448 672 0 0 40 -12 0 0 0.5
R 480 496 416 496 0 3 40 4 4 0 0.5
r 544 304 544 384 0 470
g 544 384 544 416 0 0
r 544 304 448 304 0 100000
R 448 304 384 304 0 1 440 5 0 0 0.5
O 1056 256 1120 256 0 0
r 592 240 928 240 0 10000
r 720 272 928 272 0 10000
o 41 8 0 4362 20 0.1 0 3 36 0 36 3
o 20 8 0 12553 0.0001 0.0003457218744631258 1 2 20 3
