$ 1 0.000005 10.20027730826997 50 5 43 5e-11
t 544 304 592 304 0 1 -11.787664143749856 0.47860815833716136 100 default
w 592 288 592 240 0
r 592 240 592 160 0 4700
t 768 304 720 304 0 1 -11.724734609838833 0.4992101604434246 100 default
w 720 288 720 272 0
r 720 272 720 160 0 4700
w 592 160 720 160 0
R 720 160 720 112 0 0 40 12 0 0 0.5
a 928 256 1056 256 8 12 -12 1000000 11.379793472497736 11.379779509159775 100000
r 928 176 1056 176 0 330000
w 928 176 928 240 0
w 1056 176 1056 256 0
r 928 272 928 352 0 330000
g 928 352 928 368 0 0
r 768 304 768 384 0 470
g 768 384 768 400 0 0
w 592 320 592 384 0
w 720 320 720 384 0
w 592 384 720 384 0
r 544 304 544 384 0 470
g 544 384 544 416 0 0
r 544 304 448 304 0 100000
R 448 304 384 304 0 1 440 5 0 0 0.5
O 1056 256 1120 256 0 0
r 592 240 928 240 0 10000
r 720 272 928 272 0 10000
a 368 560 464 560 8 12 -12 1000000 0.23529283310039506 0.23529411764705885 100000
r 368 480 464 480 0 2000
w 464 480 464 560 0
w 368 480 368 544 0
r 368 544 272 544 0 100000
w 368 576 368 624 0
r 368 624 272 624 0 100000
r 368 624 368 688 0 2000
g 368 688 368 704 0 0
R 272 624 272 592 0 0 40 12 0 0 0.5
R 272 544 208 544 0 3 40 3.3 3.3 0 0.5
t 464 560 528 560 0 1 -11.87154533362387 0.6380607266218594 100 default
R 528 544 528 464 0 0 40 12 0 0 0.5
r 528 576 528 656 0 2200
R 528 656 528 704 0 0 40 -12 0 0 0.5
t 528 576 624 576 0 -1 10.945266963436323 -0.5096060602457293 100 default
w 624 464 624 560 0
r 624 592 624 688 0 1000
R 720 832 720 880 0 0 40 -12 0 0 0.5
g 656 464 656 496 0 0
w 656 464 624 464 0
w 624 688 624 720 0
t 672 736 624 736 0 1 0 0.5090938891036494 100 default
w 624 688 672 688 0
w 672 688 672 736 0
t 672 736 720 736 0 1 -10.991582653081728 0.5090938891036494 100 default
w 720 752 720 784 0
w 720 784 624 784 0
w 624 784 624 752 0
w 720 720 720 384 0
w 720 784 720 832 0
174 112 448 128 496 1 100000 0.7277 Bias
R 112 368 64 368 0 0 40 -12 0 0 0.5
R 112 592 64 592 0 0 40 12 0 0 0.5
r 128 480 368 480 0 100000
r 112 368 112 448 0 47000
r 112 512 112 592 0 47000
o 36 8 3 4362 20 0.1 0 2 23 0
o 55 8 0 4361 5 0.00078125 1 2 55 3
